# grain_id phase_id grainsize grainvolume x y z phi1 PHI phi2 U11 U12 U13 U21 U22 U23 U31 U32 U33 UBI11 UBI12 UBI13 UBI21 UBI22 UBI23 UBI31 UBI32 UBI33 eps11 eps12 eps13 eps22 eps23 eps33 
0 0 0.000153 1.871497e-12 0.003833 0.004272 -0.000410 -58.396103 326.752310 16.111550 0.701123736893 0.538874024010 0.466947846995 -0.696618206415 0.657400090787 0.287312017020 -0.152146574249 -0.526725646690 0.836308264376 2.793009787441 -2.771988173672 -0.604175469197 2.154292783435 2.628281301350 -2.106408251384 1.865442580246 1.147802851677 3.341026319362 -4.703471e-03 1.262326e-04 3.109319e-04 -4.439911e-04 -6.593122e-05 -1.257532e-03 
1 0 0.000220 5.565452e-12 0.004814 0.003434 0.002556 -84.559016 23.319361 96.217151 0.898529711332 -0.193265111403 -0.394072270742 0.194371668347 0.980209549999 -0.037535218604 0.393527651376 -0.042869975576 0.918312666142 3.601245522501 0.780340350563 1.575912911953 -0.771494787483 3.912828453314 -0.171098537801 -1.572259783813 -0.149757085360 3.663861126847 1.916866e-03 1.678248e-04 -1.575573e-04 -2.042542e-03 4.234624e-06 -2.556193e-03 
2 0 0.000071 1.857669e-13 -0.004927 -0.002465 -0.002113 -62.234623 26.243070 69.005228 0.907874884362 -0.150572100146 -0.391268752908 0.073065098535 0.975822416105 -0.205990542510 0.412825248405 0.158425549976 0.896926228513 3.617862898269 0.289899705316 1.647165744117 -0.602230437594 3.892215463854 0.635534729324 -1.561628019146 -0.822147438230 3.579803189344 -3.564995e-03 -1.131806e-04 2.641071e-04 -2.631215e-03 4.877681e-04 -2.202446e-03 
3 0 0.000086 3.388622e-13 -0.004108 0.003797 0.000722 -70.861247 329.031362 86.174619 0.830124101918 -0.273082904575 0.486127249435 0.217465977811 0.961377752987 0.168704963045 -0.513422364053 -0.034329918298 0.857449084669 3.308849655648 0.867621021598 -2.047659741328 -1.093623619539 3.847317273445 -0.138643575290 1.943191187890 0.674362521179 3.427471937294 -3.312948e-03 1.021581e-04 -1.087521e-04 5.336931e-04 -1.823163e-04 -6.777083e-04 
4 0 0.000466 5.314260e-11 0.001638 0.003586 -0.003035 -60.234886 38.131008 85.376571 0.720617882769 -0.439790091600 -0.535998640263 0.319261898342 0.896720402531 -0.306536066315 0.615452441136 0.049771427701 0.786600977424 2.886246710550 1.279071070635 2.465640076156 -1.756034639564 3.586565461015 0.195589875631 -2.143924807191 -1.226104373228 3.146301542913 1.430964e-03 4.310586e-05 4.614588e-05 -4.580384e-04 -5.410377e-04 -3.253453e-05 
5 0 0.000861 3.340767e-10 -0.002433 0.002101 0.000803 16.938789 25.901363 -51.538562 0.800221877853 0.586044114838 0.127268384402 -0.492595800329 0.763368929080 -0.417872295820 -0.342044330026 0.271698681593 0.899547387700 3.197326067791 -1.971846850219 -1.373524604956 2.341180367354 3.047792571062 1.087969881420 0.508780392291 -1.670526671596 3.596117566418 -7.498733e-05 -5.821647e-04 -5.814721e-04 -1.443723e-03 3.813286e-04 -5.758408e-04 
6 0 0.000179 2.978379e-12 0.001050 -0.004210 0.003214 -22.462092 3.294975 64.024197 0.747669236682 -0.663708116596 -0.021960156713 0.662058085270 0.747567920095 -0.053115878732 0.051670148513 0.025174209201 0.998346861038 2.993682302515 2.648741151310 0.205159100095 -2.653942950511 2.989037725190 0.103636374634 -0.087761823786 -0.212272910908 3.989804919894 6.263145e-04 -2.065764e-04 -2.015003e-04 -3.597109e-04 3.725859e-04 -8.971141e-04 
7 0 0.000120 8.996892e-13 0.001027 -0.003333 0.000143 -27.760213 41.495511 36.115251 0.920481357964 -0.239746615164 -0.308602706012 0.014395859312 0.809963475866 -0.586303613325 0.390521227176 0.535238945033 0.749007638709 3.685108502065 0.060154853422 1.563990274442 -0.950949694143 3.214522768685 2.122946438231 -1.237929808154 -2.351900049555 3.004571458475 9.277651e-04 2.924311e-04 -1.328501e-04 -8.020846e-03 -1.396958e-04 2.850740e-03 
8 0 0.000021 4.554200e-15 0.003954 -0.004146 -0.002421 -67.370362 320.521524 79.009332 0.772727943275 -0.241889617835 0.586839789436 0.115573461345 0.962702939349 0.244634064680 -0.624126830632 -0.121212471935 0.771863482705 3.100131882606 0.463410059967 -2.498477824551 -0.966554739148 3.846498626515 -0.484405861887 2.341668550861 0.976164033253 3.079969142418 2.120871e-03 -1.146020e-04 5.203541e-04 -1.112219e-03 -1.542268e-05 -2.424259e-03 
9 0 0.000613 1.207934e-10 -0.002622 0.001902 -0.001462 -35.342895 38.309814 77.797426 0.616066032916 -0.701333309686 -0.358600378990 0.503327831184 0.700687268375 -0.505666338896 0.605907367048 0.131030304363 0.784670199444 2.470926561122 2.019775892064 2.429756999421 -2.818614757240 2.813331089883 0.528834923228 -1.432765789234 -2.020358799333 3.135101587902 2.767752e-03 8.249357e-05 -1.062466e-04 4.336773e-03 3.888116e-04 -1.140355e-03 
